689497616
689498712
689473264
689473536
689535424
689510424
689499952
689470024
631215992
631216000
689494968
689506464
689507632
689508728
689481840
689481872
631216128
689514760
631215896
631215904
689474440
689497880
689481912
689511400
689507632
631215992
631216000
689483800
695583728
695583736
631215944
689523128
631216080
631216088
689513656
689476776
689477048
689517200
689517208
689506728
689507896
689510960
689509064
689499880
689499912
689514304
689509792
689507896
689469120
689472544
689473640
689470928
689471200
689498712
689498744
689486864
689523128
689523664
689472472
689472504
689513656
689516360
689533304
689535632
689517192
695583728
695583736
689478664
689506920
689507184
689530832
689475984
689499504
689499776
689501080
689526264
689522216
689475152
689497576
689497616
689494304
689494376
689513464
689470928
689471200
631215928
689507592
689509064
689526344
689528512
689508352
689508624
689497880
631215744
631215752
689524024
689526192
689474440
689474712
689497880
689475880
689474176
689474440
689470200
689471304
631215904
631215912
689475880
689474176
689486552
689486592
689488304
631216096
631216104
689508624
689484248
631215768
631215776
689477496
689478664
689471304
689471336
689526864
689485384
689485424
689497544
689505752
689471640
689472544
689473640
631215888
631215896
689483040
689483080
689484520
689511096
631216032
631216040
689535704
689535784
689513208
689510232
